580308.000,1956,G01,932,1,0,0,0,11,11,11,0,0.0000000056,583184,0.0000,0.0000,0.0001,-84.0000,0.0000,0.2430,-0.0000,0.0068,0.0000,5153.6883,583184,0.0000,0.9987,0.0000,0.3082,188.8125,0.1835,-0.0000,-0.0000,932,932
583218.000,1956,G01,932,1,0,0,0,12,12,12,0,0.0000000056,590384,0.0000,0.0000,0.0001,-99.9063,0.0000,0.5771,-0.0000,0.0069,0.0000,5153.6946,590384,-0.0000,0.9987,0.0000,0.3082,170.9688,0.1837,-0.0000,0.0000,932,932
590418.000,1956,G01,932,1,0,0,0,20,20,20,0,0.0000000056,597600,0.0000,0.0000,0.0001,-98.5313,0.0000,0.9122,-0.0000,0.0069,0.0000,5153.6921,597600,-0.0000,0.9987,-0.0000,0.3082,160.8438,0.1836,-0.0000,0.0000,932,932
586512.000,1956,G02,932,1,0,0,0,55,55,55,0,-0.0000000205,590400,0.0000,-0.0000,0.0004,-96.0938,0.0000,0.6749,-0.0000,0.0169,0.0000,5153.5510,590400,0.0000,0.9815,-0.0000,0.3015,180.4375,-0.6280,-0.0000,0.0000,932,932
590418.000,1956,G02,932,1,0,0,0,3,3,3,0,-0.0000000205,597600,0.0000,-0.0000,0.0004,-104.5938,0.0000,-0.9908,-0.0000,0.0169,0.0000,5153.5488,597600,0.0000,0.9814,-0.0000,0.3015,177.1875,-0.6280,-0.0000,0.0000,932,932
597618.000,1956,G02,932,1,0,0,0,57,57,57,0,-0.0000000205,0,0.0000,-0.0000,0.0004,-105.2500,0.0000,-0.6565,-0.0000,0.0169,0.0000,5153.5503,0,0.0000,0.9431,0.0000,0.3015,171.0938,-0.6280,-0.0000,0.0000,933,933
583218.000,1956,G03,932,1,1,0,0,135,135,135,0,0.0000000023,590400,0.0000,0.0000,-0.0001,21.3750,0.0000,0.3542,0.0000,0.0008,0.0000,5153.6990,590400,0.0000,-0.6696,-0.0000,0.3055,238.8750,0.0483,-0.0000,0.0000,932,932
586068.000,1956,G03,932,1,0,0,0,3,3,3,0,0.0000000023,590384,0.0000,0.0000,-0.0001,21.3750,0.0000,0.3535,0.0000,0.0008,0.0000,5153.6990,590384,0.0000,-0.6696,-0.0000,0.3055,238.8750,0.0483,-0.0000,0.0000,932,932
590418.000,1956,G03,932,1,0,0,0,4,4,4,0,0.0000000023,597584,0.0000,0.0000,-0.0001,22.5625,0.0000,0.6876,0.0000,0.0008,0.0000,5153.6994,597584,-0.0000,-0.6696,0.0000,0.3055,236.3438,0.0484,-0.0000,0.0000,932,932
554418.000,1956,G04,932,1,1,63,0,61,61,61,0,-0.0000000051,561600,0.0000,0.0000,-0.0000,86.7500,0.0000,-0.4719,0.0000,0.0166,0.0000,5153.6684,561600,0.0000,0.0434,-0.0000,0.3139,197.6875,-0.7702,-0.0000,0.0000,932,932
561618.000,1956,G04,932,1,1,63,0,63,63,63,0,-0.0000000051,568800,0.0000,0.0000,-0.0000,78.8750,0.0000,-0.1376,0.0000,0.0166,0.0000,5153.6690,568800,0.0000,0.0434,0.0000,0.3139,195.7500,-0.7702,-0.0000,-0.0000,932,932
568818.000,1956,G04,932,1,1,63,0,76,76,76,0,-0.0000000051,576000,0.0000,0.0000,-0.0000,83.0625,0.0000,0.1967,0.0000,0.0166,0.0000,5153.6705,576000,-0.0000,0.0434,0.0000,0.3139,184.0000,-0.7702,-0.0000,-0.0000,932,932
532818.000,1956,G05,932,1,0,0,0,52,52,52,0,-0.0000000107,540000,0.0000,0.0000,-0.0000,24.3438,0.0000,-0.8247,0.0000,0.0051,0.0000,5153.7756,540000,0.0000,-0.6750,-0.0000,0.3013,245.5938,0.1745,-0.0000,0.0000,932,932
592428.000,1956,G05,932,1,0,0,0,63,63,63,0,-0.0000000107,597600,0.0000,0.0000,-0.0000,22.4063,0.0000,-0.1505,0.0000,0.0051,0.0000,5153.7773,597600,0.0000,-0.6751,0.0000,0.3014,233.3125,0.1744,-0.0000,0.0000,932,932
597618.000,1956,G05,932,1,0,0,0,67,67,67,0,-0.0000000107,0,0.0000,0.0000,-0.0000,20.5938,0.0000,0.1837,0.0000,0.0051,0.0000,5153.7765,0,0.0000,-0.7135,-0.0000,0.3014,230.0000,0.1744,-0.0000,0.0000,933,933
583218.000,1956,G06,932,1,0,0,0,11,11,11,0,0.0000000047,590400,0.0000,0.0000,0.0004,-86.6250,0.0000,0.6021,-0.0000,0.0007,0.0000,5153.7102,590400,0.0000,0.9961,-0.0000,0.3082,184.2500,-0.3368,-0.0000,0.0000,932,932
590418.000,1956,G06,932,1,0,0,0,23,23,23,0,0.0000000047,597600,0.0000,0.0000,0.0004,-91.7500,0.0000,0.9364,-0.0000,0.0007,0.0000,5153.7111,597600,0.0000,0.9960,0.0000,0.3082,178.3125,-0.3368,-0.0000,0.0000,932,932
597618.000,1956,G06,932,1,0,0,0,37,37,37,0,0.0000000047,0,0.0000,0.0000,0.0004,-101.4688,0.0000,-0.7294,-0.0000,0.0007,0.0000,5153.7135,0,-0.0000,0.9577,0.0000,0.3082,171.7813,-0.3368,-0.0000,0.0000,933,933
576018.000,1956,G07,932,1,0,0,0,28,28,28,0,-0.0000000112,583200,0.0000,-0.0000,0.0003,55.0625,0.0000,0.0444,0.0000,0.0108,0.0000,5153.7346,583200,0.0000,0.0035,0.0000,0.3063,175.2500,-0.8236,-0.0000,-0.0000,932,932
583218.000,1956,G07,932,1,0,0,0,63,63,63,0,-0.0000000112,590400,0.0000,-0.0000,0.0003,62.3438,0.0000,0.3786,0.0000,0.0108,0.0000,5153.7402,590400,-0.0000,0.0035,0.0000,0.3063,154.8438,-0.8235,-0.0000,-0.0000,932,932
603468.000,1956,G07,932,1,0,0,0,68,68,68,0,-0.0000000112,0,0.0000,-0.0000,0.0003,74.0938,0.0000,-0.9529,0.0000,0.0108,0.0000,5153.7404,0,-0.0000,-0.0348,-0.0000,0.3063,152.3750,-0.8235,-0.0000,-0.0000,933,933
566538.000,1956,G08,932,1,0,0,0,9,9,9,0,0.0000000051,568784,0.0000,-0.0000,-0.0001,-81.9063,0.0000,0.4238,-0.0000,0.0025,0.0000,5153.6583,568784,0.0000,0.6604,-0.0000,0.3078,337.0938,-0.2009,-0.0000,-0.0000,932,932
568818.000,1956,G08,932,1,0,0,0,10,10,10,0,0.0000000051,575984,0.0000,-0.0000,-0.0001,-80.7500,0.0000,0.7581,-0.0000,0.0025,0.0000,5153.6575,575984,0.0000,0.6604,0.0000,0.3078,342.4375,-0.2009,-0.0000,-0.0000,932,932
576018.000,1956,G08,932,1,0,0,0,11,11,11,0,0.0000000051,583200,0.0000,-0.0000,-0.0001,-81.3438,0.0000,-0.9068,-0.0000,0.0025,0.0000,5153.6574,583200,-0.0000,0.6603,0.0000,0.3078,346.4063,-0.2010,-0.0000,-0.0000,932,932
590316.000,1956,G09,932,1,0,0,0,5,5,5,0,0.0000000014,590400,0.0000,0.0000,0.0004,-21.9063,0.0000,-0.7202,-0.0000,0.0007,0.0000,5153.5901,590400,0.0000,-0.3397,0.0000,0.3034,263.0313,0.6223,-0.0000,-0.0000,932,932
590418.000,1956,G09,932,1,0,0,0,6,6,6,0,0.0000000014,597600,0.0000,0.0000,0.0004,-21.0313,0.0000,-0.3859,-0.0000,0.0007,0.0000,5153.5902,597600,0.0000,-0.3397,0.0000,0.3033,262.8125,0.6222,-0.0000,-0.0000,932,932
597618.000,1956,G09,932,1,0,0,0,7,7,7,0,0.0000000014,0,0.0000,0.0000,0.0004,-19.6875,0.0000,-0.0515,-0.0000,0.0007,0.0000,5153.5906,0,0.0000,-0.3781,0.0000,0.3033,261.9688,0.6222,-0.0000,-0.0000,933,933
547218.000,1956,G10,932,1,0,0,0,21,21,21,0,0.0000000019,554400,0.0000,0.0000,0.0000,23.3125,0.0000,0.2220,0.0000,0.0026,0.0000,5153.6663,554400,-0.0000,-0.6707,0.0000,0.3056,251.3750,-0.8850,-0.0000,0.0000,932,932
575106.000,1956,G10,932,1,0,0,0,82,82,82,0,0.0000000019,576000,0.0000,0.0000,0.0000,21.2500,0.0000,-0.7752,0.0000,0.0026,0.0000,5153.6654,576000,-0.0000,-0.6707,0.0000,0.3056,238.9688,-0.8850,-0.0000,0.0000,932,932
576018.000,1956,G10,932,1,0,0,0,84,84,84,0,0.0000000019,583200,0.0000,0.0000,0.0000,21.0000,0.0000,-0.4409,0.0000,0.0026,0.0000,5153.6655,583200,0.0000,-0.6707,-0.0000,0.3056,238.3750,-0.8850,-0.0000,0.0000,932,932
568818.000,1956,G11,932,1,0,0,0,37,37,37,0,-0.0000000121,576000,0.0000,-0.0000,-0.0007,-105.2813,0.0000,-0.2826,-0.0000,0.0169,0.0000,5153.7226,576000,-0.0000,0.8698,0.0000,0.2870,198.5938,0.5280,-0.0000,-0.0000,932,932
576018.000,1956,G11,932,1,0,0,0,53,53,53,0,-0.0000000121,583200,0.0000,-0.0000,-0.0007,-114.0938,0.0000,0.0517,-0.0000,0.0169,0.0000,5153.7190,583200,-0.0000,0.8698,-0.0000,0.2870,208.4375,0.5280,-0.0000,-0.0000,932,932
583218.000,1956,G11,932,1,0,0,0,73,73,73,0,-0.0000000121,590400,0.0000,-0.0000,-0.0007,-142.7500,0.0000,0.3859,-0.0000,0.0169,0.0000,5153.7269,590400,-0.0000,0.8698,-0.0000,0.2870,210.3750,0.5281,-0.0000,-0.0000,932,932
587898.000,1956,G12,932,1,0,0,0,38,38,38,0,-0.0000000126,590400,0.0000,-0.0000,0.0004,96.8125,0.0000,0.1823,0.0000,0.0066,0.0000,5153.7578,590400,-0.0000,0.3489,0.0000,0.3148,326.0000,0.2880,-0.0000,0.0000,932,932
590418.000,1956,G12,932,1,0,0,0,39,39,39,0,-0.0000000126,597600,0.0000,-0.0000,0.0004,99.2500,0.0000,0.5166,0.0000,0.0066,0.0000,5153.7583,597600,-0.0000,0.3488,0.0000,0.3148,320.5000,0.2880,-0.0000,0.0000,932,932
597618.000,1956,G12,932,1,0,0,0,40,40,40,0,-0.0000000126,0,0.0000,-0.0000,0.0004,104.7813,0.0000,0.8509,0.0000,0.0066,0.0000,5153.7577,0,-0.0000,0.3105,-0.0000,0.3148,319.4063,0.2880,-0.0000,0.0000,933,933
572928.000,1956,G13,932,1,0,0,0,73,73,73,0,-0.0000000112,576000,0.0000,-0.0000,-0.0001,-18.8125,0.0000,0.0628,-0.0000,0.0036,0.0000,5153.6857,576000,-0.0000,-0.2993,-0.0000,0.3085,250.9375,0.5780,-0.0000,-0.0000,932,932
576018.000,1956,G13,932,1,0,0,0,75,75,75,0,-0.0000000112,583200,0.0000,-0.0000,-0.0001,-19.5938,0.0000,0.3970,-0.0000,0.0036,0.0000,5153.6861,583200,0.0000,-0.2993,-0.0000,0.3085,253.0625,0.5781,-0.0000,-0.0000,932,932
599946.000,1956,G13,932,1,0,0,0,80,80,80,0,-0.0000000112,0,0.0000,-0.0000,-0.0001,-24.3438,0.0000,-0.6001,-0.0000,0.0036,0.0000,5153.6839,0,0.0000,-0.3377,0.0000,0.3085,256.0000,0.5780,-0.0000,-0.0000,933,933
540018.000,1956,G14,932,1,0,0,0,76,76,76,0,-0.0000000093,547200,0.0000,-0.0000,-0.0001,-22.2188,0.0000,-0.8414,-0.0000,0.0093,0.0000,5153.6630,547200,0.0000,-0.3119,0.0000,0.3061,242.6563,-0.6224,-0.0000,-0.0000,932,932
547218.000,1956,G14,932,1,0,0,0,77,77,77,0,-0.0000000093,554400,0.0000,-0.0000,-0.0001,-20.0625,0.0000,-0.5071,-0.0000,0.0093,0.0000,5153.6622,554400,0.0000,-0.3119,0.0000,0.3061,245.3750,-0.6223,-0.0000,-0.0000,932,932
554418.000,1956,G14,932,1,0,0,0,80,80,80,0,-0.0000000093,561600,0.0000,-0.0000,-0.0001,-20.5000,0.0000,-0.1728,-0.0000,0.0093,0.0000,5153.6633,561600,-0.0000,-0.3119,0.0000,0.3061,249.8750,-0.6224,-0.0000,-0.0000,932,932
532818.000,1956,G15,932,1,0,0,0,74,74,74,0,-0.0000000107,540000,0.0000,-0.0000,-0.0004,-24.6563,0.0000,0.6442,-0.0000,0.0093,0.0000,5153.5612,540000,-0.0000,-0.3595,0.0000,0.2956,245.0625,0.1853,-0.0000,-0.0000,932,932
540018.000,1956,G15,932,1,0,0,0,87,87,87,0,-0.0000000107,547200,0.0000,-0.0000,-0.0004,-25.6563,0.0000,0.9785,-0.0000,0.0093,0.0000,5153.5622,547200,-0.0000,-0.3595,-0.0000,0.2956,249.1563,0.1853,-0.0000,-0.0000,932,932
603228.000,1956,G15,932,1,0,0,0,17,17,17,0,-0.0000000107,0,0.0000,-0.0000,-0.0004,-20.6250,0.0000,-0.3472,-0.0000,0.0093,0.0000,5153.5584,0,0.0000,-0.3980,0.0000,0.2956,266.6250,0.1854,-0.0000,-0.0000,933,933
554418.000,1956,G16,932,1,0,0,0,23,23,23,0,-0.0000000107,561600,0.0000,0.0000,0.0000,85.8125,0.0000,0.2187,0.0000,0.0093,0.0000,5153.7242,561600,0.0000,0.3549,0.0000,0.3149,338.1563,0.1470,-0.0000,0.0000,932,932
561618.000,1956,G16,932,1,0,0,0,31,31,31,0,-0.0000000107,568800,0.0000,0.0000,0.0000,89.0625,0.0000,0.5529,0.0000,0.0093,0.0000,5153.7259,568800,-0.0000,0.3549,0.0000,0.3149,330.5625,0.1470,-0.0000,0.0000,932,932
568818.000,1956,G16,932,1,0,0,0,43,43,43,0,-0.0000000107,576000,0.0000,0.0000,0.0000,96.7813,0.0000,0.8872,0.0000,0.0093,0.0000,5153.7240,576000,-0.0000,0.3549,-0.0000,0.3149,327.6563,0.1470,-0.0000,0.0000,932,932
583218.000,1956,G17,932,1,0,0,0,83,83,83,0,-0.0000000112,590400,0.0000,0.0000,-0.0002,-89.6563,0.0000,-0.7363,-0.0000,0.0117,0.0000,5153.6546,590400,0.0000,0.6788,0.0000,0.3120,343.8750,-0.5884,-0.0000,-0.0000,932,932
590418.000,1956,G17,932,1,0,0,0,84,84,84,0,-0.0000000112,597600,0.0000,0.0000,-0.0002,-87.2188,0.0000,-0.4020,-0.0000,0.0117,0.0000,5153.6540,597600,0.0000,0.6788,0.0000,0.3120,343.3438,-0.5883,-0.0000,-0.0000,932,932
597618.000,1956,G17,932,1,0,0,0,88,88,88,0,-0.0000000112,0,0.0000,0.0000,-0.0002,-86.2813,0.0000,-0.0677,-0.0000,0.0117,0.0000,5153.6542,0,-0.0000,0.6405,0.0000,0.3120,342.8750,-0.5883,-0.0000,-0.0000,933,933
532818.000,1956,G18,932,1,0,0,0,39,39,39,0,-0.0000000112,540000,0.0000,0.0000,0.0006,30.0313,0.0000,-0.6148,0.0000,0.0181,0.0000,5153.6102,540000,0.0000,-0.6845,0.0000,0.2946,235.0625,-0.5711,-0.0000,0.0000,932,932
540018.000,1956,G18,932,1,0,0,0,73,73,73,0,-0.0000000112,547200,0.0000,0.0000,0.0006,30.0313,0.0000,-0.2805,0.0000,0.0181,0.0000,5153.6098,547200,-0.0000,-0.6845,0.0000,0.2946,233.7188,-0.5711,-0.0000,0.0000,932,932
547218.000,1956,G18,932,1,0,0,0,77,77,77,0,-0.0000000112,554400,0.0000,0.0000,0.0006,27.1875,0.0000,0.0538,0.0000,0.0181,0.0000,5153.6093,554400,-0.0000,-0.6846,0.0000,0.2946,232.0938,-0.5711,-0.0000,0.0000,932,932
583218.000,1956,G19,932,1,0,0,0,43,43,43,0,-0.0000000154,590400,0.0000,0.0000,-0.0005,-86.5000,0.0000,0.2300,-0.0000,0.0103,0.0000,5153.6706,590400,-0.0000,0.6940,0.0000,0.3112,330.7813,0.3242,-0.0000,-0.0000,932,932
590418.000,1956,G19,932,1,0,0,0,71,71,71,0,-0.0000000154,597600,0.0000,0.0000,-0.0005,-100.7500,0.0000,0.5642,-0.0000,0.0103,0.0000,5153.6742,597600,-0.0000,0.6940,-0.0000,0.3112,336.1563,0.3243,-0.0000,-0.0000,932,932
597618.000,1956,G19,932,1,0,0,0,100,100,100,0,-0.0000000154,0,0.0000,0.0000,-0.0005,-105.1875,0.0000,0.8985,-0.0000,0.0103,0.0000,5153.6757,0,0.0000,0.6557,-0.0000,0.3112,344.0313,0.3243,-0.0000,-0.0000,933,933
532818.000,1956,G20,932,1,0,0,0,48,48,48,0,-0.0000000084,540000,0.0000,0.0000,0.0005,22.8438,0.0000,0.6310,0.0000,0.0044,0.0000,5153.6990,540000,0.0000,-0.7008,-0.0000,0.2951,229.3438,0.5160,-0.0000,0.0000,932,932
539406.000,1956,G20,932,1,0,0,0,58,58,58,0,-0.0000000084,539984,0.0000,0.0000,0.0005,22.8438,0.0000,0.6302,0.0000,0.0044,0.0000,5153.6990,539984,0.0000,-0.7008,-0.0000,0.2951,229.3438,0.5160,-0.0000,0.0000,932,932
598308.000,1956,G20,932,1,0,0,0,115,115,115,0,-0.0000000084,0,0.0000,0.0000,0.0005,23.0000,0.0000,-0.3607,0.0000,0.0044,0.0000,5153.7006,0,-0.0000,-0.7393,0.0000,0.2951,209.8125,0.5163,-0.0000,0.0000,933,933
559812.000,1956,G21,932,1,0,0,0,49,49,49,0,-0.0000000098,561584,0.0000,0.0000,-0.0005,-93.0625,0.0000,0.6770,-0.0000,0.0239,0.0000,5153.6577,561584,0.0000,0.9844,-0.0000,0.2994,173.6563,-0.5283,-0.0000,0.0000,932,932
561618.000,1956,G21,932,1,0,0,0,50,50,50,0,-0.0000000098,568800,0.0000,0.0000,-0.0005,-96.0000,0.0000,-0.9880,-0.0000,0.0239,0.0000,5153.6578,568800,0.0000,0.9844,-0.0000,0.2994,166.4375,-0.5283,-0.0000,0.0000,932,932
568818.000,1956,G21,932,1,0,0,0,51,51,51,0,-0.0000000098,576000,0.0000,0.0000,-0.0005,-92.1250,0.0000,-0.6537,-0.0000,0.0239,0.0000,5153.6582,576000,0.0000,0.9844,0.0000,0.2994,158.8750,-0.5283,-0.0000,0.0000,932,932
576018.000,1956,G22,932,1,0,0,0,58,58,58,0,-0.0000000177,583200,0.0000,-0.0000,-0.0000,21.7500,0.0000,0.7450,0.0000,0.0075,0.0000,5153.7801,583200,0.0000,-0.6847,-0.0000,0.2940,221.1250,-0.5432,-0.0000,0.0000,932,932
583218.000,1956,G22,932,1,0,0,0,60,60,60,0,-0.0000000177,590400,0.0000,-0.0000,-0.0000,25.9063,0.0000,-0.9207,0.0000,0.0075,0.0000,5153.7816,590400,0.0000,-0.6847,0.0000,0.2940,217.2813,-0.5431,-0.0000,0.0000,932,932
590418.000,1956,G22,932,1,0,0,0,62,62,62,0,-0.0000000177,597600,0.0000,-0.0000,-0.0000,30.9375,0.0000,-0.5865,0.0000,0.0075,0.0000,5153.7803,597600,0.0000,-0.6847,0.0000,0.2940,217.7188,-0.5431,-0.0000,0.0000,932,932
589248.000,1956,G23,932,1,0,0,0,12,12,12,0,-0.0000000205,590400,0.0000,-0.0000,-0.0002,-25.0000,0.0000,0.8319,-0.0000,0.0119,0.0000,5153.7124,590400,-0.0000,-0.3393,-0.0000,0.3004,257.1563,-0.7773,-0.0000,-0.0000,932,932
590736.000,1956,G23,932,1,0,0,0,36,36,36,0,-0.0000000205,597600,0.0000,-0.0000,-0.0002,-23.6563,0.0000,-0.8339,-0.0000,0.0119,0.0000,5153.7128,597600,0.0000,-0.3393,-0.0000,0.3004,257.0313,-0.7773,-0.0000,-0.0000,932,932
597618.000,1956,G23,932,1,0,0,0,42,42,42,0,-0.0000000205,0,0.0000,-0.0000,-0.0002,-21.2500,0.0000,-0.4996,-0.0000,0.0119,0.0000,5153.7117,0,0.0000,-0.3776,-0.0000,0.3004,260.8438,-0.7773,-0.0000,-0.0000,933,933
540018.000,1956,G24,932,1,0,0,0,66,66,66,0,0.0000000028,547200,0.0000,-0.0000,-0.0000,62.0938,0.0000,0.6459,0.0000,0.0057,0.0000,5153.6924,547200,-0.0000,-0.0136,0.0000,0.3009,166.7188,0.1524,-0.0000,-0.0000,932,932
583338.000,1956,G24,932,1,0,0,0,35,35,35,0,0.0000000028,590384,0.0000,-0.0000,-0.0000,52.6250,0.0000,0.6509,0.0000,0.0057,0.0000,5153.6921,590384,-0.0000,-0.0137,0.0000,0.3009,164.9688,0.1524,-0.0000,-0.0000,932,932
590418.000,1956,G24,932,1,0,0,0,36,36,36,0,0.0000000028,597600,0.0000,-0.0000,-0.0000,49.7188,0.0000,0.9860,0.0000,0.0057,0.0000,5153.6906,597600,0.0000,-0.0137,-0.0000,0.3009,158.9063,0.1523,-0.0000,-0.0000,932,932
554418.000,1956,G25,932,1,0,0,0,66,66,66,0,0.0000000056,561600,0.0000,-0.0000,-0.0004,104.2813,0.0000,0.6957,0.0000,0.0065,0.0000,5153.5674,561600,-0.0000,0.3312,-0.0000,0.3109,313.7188,0.2637,-0.0000,0.0000,932,932
592908.000,1956,G25,932,1,0,0,0,16,16,16,0,0.0000000056,597600,0.0000,-0.0000,-0.0004,102.4688,0.0000,0.3671,0.0000,0.0065,0.0000,5153.5704,597600,-0.0000,0.3311,0.0000,0.3109,307.3125,0.2638,-0.0000,0.0000,932,932
597618.000,1956,G25,932,1,0,0,0,17,17,17,0,0.0000000056,0,0.0000,-0.0000,-0.0004,110.8125,0.0000,0.7015,0.0000,0.0065,0.0000,5153.5679,0,-0.0000,0.2927,-0.0000,0.3109,302.4688,0.2638,-0.0000,0.0000,933,933
554418.000,1956,G26,932,1,0,0,0,82,82,82,0,0.0000000075,561600,0.0000,0.0000,-0.0005,99.7813,0.0000,0.4912,0.0000,0.0018,0.0000,5153.7324,561600,0.0000,0.3260,0.0000,0.3051,312.9375,0.0288,-0.0000,0.0000,932,932
561618.000,1956,G26,932,1,0,0,0,83,83,83,0,0.0000000075,568800,0.0000,0.0000,-0.0005,104.5938,0.0000,0.8255,0.0000,0.0018,0.0000,5153.7315,568800,-0.0000,0.3260,0.0000,0.3051,309.7188,0.0288,-0.0000,0.0000,932,932
568818.000,1956,G26,932,1,1,0,0,84,84,84,0,0.0000000075,576000,0.0000,0.0000,-0.0005,109.5938,0.0000,-0.8402,0.0000,0.0018,0.0000,5153.7310,576000,-0.0000,0.3260,-0.0000,0.3051,306.9688,0.0287,-0.0000,0.0000,932,932
561618.000,1956,G27,932,1,0,0,0,33,33,33,0,0.0000000014,568800,0.0000,0.0000,0.0003,-78.9375,0.0000,0.2673,-0.0000,0.0049,0.0000,5153.6682,568800,0.0000,0.6623,0.0000,0.3104,336.3438,0.1234,-0.0000,-0.0000,932,932
568818.000,1956,G27,932,1,0,0,0,43,43,43,0,0.0000000014,576000,0.0000,0.0000,0.0003,-77.7188,0.0000,0.6016,-0.0000,0.0049,0.0000,5153.6660,576000,-0.0000,0.6622,0.0000,0.3104,344.7188,0.1233,-0.0000,-0.0000,932,932
576018.000,1956,G27,932,1,0,0,0,44,44,44,0,0.0000000014,583200,0.0000,0.0000,0.0003,-84.0313,0.0000,0.9359,-0.0000,0.0049,0.0000,5153.6682,583200,-0.0000,0.6622,-0.0000,0.3104,350.4375,0.1234,-0.0000,-0.0000,932,932
576018.000,1956,G28,932,1,2,0,0,86,86,86,0,-0.0000000112,583200,0.0000,0.0000,0.0006,96.3750,0.0000,-0.7850,0.0000,0.0197,0.0000,5153.6552,583200,0.0000,0.3563,0.0000,0.3145,336.2813,-0.4987,-0.0000,0.0000,932,932
583218.000,1956,G28,932,1,2,0,0,87,87,87,0,-0.0000000112,590400,0.0000,0.0000,0.0006,99.0313,0.0000,-0.4507,0.0000,0.0197,0.0000,5153.6534,590400,-0.0000,0.3563,0.0000,0.3146,328.9688,-0.4987,-0.0000,0.0000,932,932
590418.000,1956,G28,932,1,2,0,0,88,88,88,0,-0.0000000112,597600,0.0000,0.0000,0.0006,97.6563,0.0000,-0.1164,0.0000,0.0197,0.0000,5153.6526,597600,-0.0000,0.3563,0.0000,0.3146,324.0313,-0.4987,-0.0000,0.0000,932,932
553386.000,1956,G29,932,1,0,0,0,0,0,0,0,-0.0000000098,554384,0.0000,-0.0000,0.0006,-89.1250,0.0000,0.0676,-0.0000,0.0007,0.0000,5153.6058,554384,0.0000,0.6822,0.0000,0.3124,324.9063,0.2007,-0.0000,-0.0000,932,932
554418.000,1956,G29,932,1,0,0,0,51,51,51,0,-0.0000000098,561584,0.0000,-0.0000,0.0006,-90.3750,0.0000,0.4023,-0.0000,0.0007,0.0000,5153.6039,561584,-0.0000,0.6822,-0.0000,0.3124,332.2188,0.2003,-0.0000,-0.0000,932,932
597876.000,1956,G29,932,1,0,0,0,57,57,57,0,-0.0000000098,0,0.0000,-0.0000,0.0006,-81.4063,0.0000,0.4077,-0.0000,0.0007,0.0000,5153.6029,0,0.0000,0.6437,0.0000,0.3124,343.8750,0.2014,-0.0000,-0.0000,933,933
576018.000,1956,G30,932,1,1,0,0,107,107,107,0,0.0000000037,583200,0.0000,-0.0000,0.0002,63.9063,0.0000,0.0364,0.0000,0.0030,0.0000,5153.6632,583200,0.0000,0.0157,0.0000,0.3018,170.8125,-0.9969,-0.0000,-0.0000,932,932
576108.000,1956,G30,932,1,0,0,0,5,5,5,0,0.0000000037,583184,0.0000,-0.0000,0.0002,63.9063,0.0000,0.0356,0.0000,0.0030,0.0000,5153.6632,583184,0.0000,0.0157,0.0000,0.3018,170.8125,-0.9969,-0.0000,-0.0000,932,932
583218.000,1956,G30,932,1,0,0,0,6,6,6,0,0.0000000037,590400,0.0000,-0.0000,0.0002,64.0000,0.0000,0.3706,0.0000,0.0030,0.0000,5153.6628,590400,-0.0000,0.0157,0.0000,0.3018,164.2813,-0.9969,-0.0000,-0.0000,932,932
548946.000,1956,G31,932,1,0,0,0,8,8,8,0,-0.0000000135,554384,0.0000,-0.0000,0.0002,76.0313,0.0000,0.6388,0.0000,0.0084,0.0000,5153.7388,554384,0.0000,0.0071,0.0000,0.3078,175.3750,-0.0804,-0.0000,-0.0000,932,932
554418.000,1956,G31,932,1,0,0,0,9,9,9,0,-0.0000000135,561584,0.0000,-0.0000,0.0002,68.6250,0.0000,0.9731,0.0000,0.0084,0.0000,5153.7407,561584,-0.0000,0.0071,0.0000,0.3078,173.7500,-0.0804,-0.0000,-0.0000,932,932
561618.000,1956,G31,932,1,0,0,0,10,10,10,0,-0.0000000135,568800,0.0000,-0.0000,0.0002,65.3750,0.0000,-0.6919,0.0000,0.0084,0.0000,5153.7391,568800,-0.0000,0.0071,-0.0000,0.3078,168.3438,-0.0804,-0.0000,-0.0000,932,932
540018.000,1956,G32,932,1,0,0,0,60,60,60,0,0.0000000005,547200,0.0000,-0.0000,-0.0005,-21.2813,0.0000,-0.5457,-0.0000,0.0014,0.0000,5153.7332,547200,0.0000,-0.3385,0.0000,0.3048,251.5000,-0.8073,-0.0000,-0.0000,932,932
547218.000,1956,G32,932,1,0,0,0,63,63,63,0,0.0000000005,554400,0.0000,-0.0000,-0.0005,-24.2500,0.0000,-0.2113,-0.0000,0.0014,0.0000,5153.7342,554400,-0.0000,-0.3385,0.0000,0.3048,254.5000,-0.8074,-0.0000,-0.0000,932,932
554418.000,1956,G32,932,1,0,0,0,64,64,64,0,0.0000000005,561600,0.0000,-0.0000,-0.0005,-23.6875,0.0000,0.1230,-0.0000,0.0014,0.0000,5153.7348,561600,-0.0000,-0.3386,0.0000,0.3048,257.5625,-0.8075,-0.0000,-0.0000,932,932
